-1 la 27.50 1 0
-1 la#/si@ 29.14 0 0
-1 si/do@ 30.87 1 1
0 do/si# 32.70 0 1
0 do#/re@ 34.65 1 2
0 re 36.71 1 3
0 re#/mi@ 38.89 0 2
0 mi/fa@ 41.20 1 4
0 fa/mi# 43.65 0 3
0 fa#/sol@ 46.25 1 5
0 sol 49.00 0 4
0 sol#/la@ 51.91 1 6 
0 la 55.00 1 7
0 la#/si@ 58.27 0 5
0 si/do@ 61.74 1 8
1 do/si# 65.41 0 6
1 do#/re@ 69.30 1 9
1 re 73.42 1 10
1 re#/mi@ 77.78 0 7
1 mi/fa@ 82.41 1 11
1 fa/mi# 87.31 0 8
1 fa#/sol@ 92.50 1 12
1 sol 98.00 0 9
1 sol#/la@ 103.83 1 13
1 la 110.00 1 14
1 la#/si@ 116.54 0 10
1 si/do@ 123.47 1 15
2 do/si# 130.81 0 11
2 do#/re@ 138.59 1 16
2 re 146.83 1 17
2 re#/mi@ 155.56 0 12
2 mi/fa@ 164.81 1 18
2 fa/mi# 174.61 0 13
2 fa#/sol@ 185.00 1 19
2 sol 196.00 0 14
2 sol#/la@ 207.65 1 20
2 la 220.00 1 21
2 la#/si@ 233.08 0 15
2 si/do@ 246.94 1 22
3 do/si# 261.63 0 16
3 do#/re@ 277.18 1 23
3 re 293.66 1 24
3 re#/mi@ 311.13 0 17
3 mi/fa@ 329.63 1 25
3 fa/mi# 349.23 0 18
3 fa#/sol@ 369.99 1 26
3 sol 392.00 0 19
3 sol#/la@ 415.30 1 27
3 la 440.00 1 28
3 la#/si@ 466.16 0 20
3 si/do@ 493.88 1 29
4 do/si# 523.25 0 21
4 do#/re@ 554.37 1 30
4 re 587.33 1 31
4 re#/mi@ 622.25 0 22
4 mi/fa@ 659.26 1 32
4 fa/mi# 698.46 0 23
4 fa#/sol@ 739.99 1 33
4 sol 783.99 0 24
4 sol#/la@ 830.61 1 34
4 la 880.00 1 35
4 la#/si@ 932.33 0 25
4 si/do@ 987.77 1 36
5 do/si# 1046.50 0 26
5 do#/re@ 1108.73 1 37
5 re 1174.66 1 38
5 re#/mi@ 1244.51 0 27
5 mi/fa@ 1318.51 1 39
5 fa/mi# 1396.91 0 28
5 fa#/sol@ 1479.98 1 40
5 sol 1567.98 0 29
5 sol#/la@ 1661.22 1 41
5 la 1760.00
5 la#/si@ 1864.66
5 si/do@ 1975.53
6 do/si# 2093.00
6 do#/re@ 2217.46
6 re 2349.32
6 re#/mi@ 2489.02
6 mi/fa@ 2637.02
6 fa/mi# 2793.83
6 fa#/sol@ 2959.96
6 sol 3135.96
6 sol#/la@ 3322.44
6 la 3520.00
6 la#/si@ 3729.31
6 si/do@ 3951.07
7 do/si# 4186.01
