1 1
11 0
17 1
33 1
43 0
49 1
61 0
65 1
81 1
90 0
97 1
108 0
113 1
126 0
129 1
145 1
155 0
161 1
173 0
177 1
193 1
202 0
209 1
220 0
225 1
238 0
241 1
257 1
267 0
273 1
285 0
289 1
305 1
314 0
321 1
332 0
337 1
350 0
353 1
369 1
379 0
385 1
397 0
401 1
417 1
426 0
433 1
444 0
449 1
462 0
465 1
481 1
491 0
497 1
509 0
513 1
529 1
538 0
545 1
556 0
561 1
574 0
577 1
593 1
603 0
609 1
621 0
625 1
641 1
650 0
657 1
668 0
673 1
686 0
689 1
705 1
715 0
721 1
733 0
737 1
753 1
762 0
769 1
780 0
785 1
798 0
801 1
817 1
